10000001
10000001
10000001
10000001
10000001
10000001
10000001
10000001
10000001
10000001
10000001
10000001
10000001
10000001
10000001
10000001
10000001
10000001
10000001
10000001
10000001
10000001
10000001
10000001
10000001
10000001
10000001
10000001
10000001
10000001
10000001
10000001
10000001
10000001
10000001
10000001
10000001
10000001
10000001
10000001
10000001
10000001
10000001
10000001
10000001
10000001
10000001
10000001
10000001
10000001
10000001
10000001
10000001
10000001
10000001
10000001
10000001
10000001
10000001
10000001
10000001
10000001
10000001
10000001
10000001
10000001
10000001
10000001
10000001
10000001
10000001
10000001
10000001
10000001
10000001
10000001
10000001
10000001
10000001
10000001
10000001
10000001
10000001
10000001
10000001
10000001
10000001
10000001
10000001
10000001
10000001
10000001
10000001
10000001
10000001
10000001
10000001
10000001
10000001
10000001
10000001
10000001
10000001
10000001
10000001
10000001
10000001
10000001
10000001
10000001
10000001
10000001
10000001
10000001
10000001
10000001
10000001
10000001
10000001
10000001
10000001
10000001
10000001
10000001
10000001
10000001
10000001
10000001
10000001
10000001
10000010
10000011
10000100
10000101
10000110
10000111
10001000
10001001
10001010
10001011
10001100
10001101
10001110
10001111
10010000
10010001
10010010
10010011
10010100
10010101
10010110
10010111
10011000
10011001
10011010
10011011
10011100
10011101
10011110
10011111
10100000
10100001
10100010
10100011
10100100
10100101
10100110
10100111
10101000
10101001
10101010
10101011
10101100
10101101
10101110
10101111
10110000
10110001
10110010
10110011
10110100
10110101
10110110
10110111
10111000
10111001
10111010
10111011
10111100
10111101
10111110
10111111
11000000
11000001
11000010
11000011
11000100
11000101
11000110
11000111
11001000
11001001
11001010
11001011
11001100
11001101
11001110
11001111
11010000
11010001
11010010
11010011
11010100
11010101
11010110
11010111
11011000
11011001
11011010
11011011
11011100
11011101
11011110
11011111
11100000
11100001
11100010
11100011
11100100
11100101
11100110
11100111
11101000
11101001
11101010
11101011
11101100
11101101
11101110
11101111
11110000
11110001
11110010
11110011
11110100
11110101
11110110
11110111
11111000
11111001
11111010
11111011
11111100
11111101
11111110
11111111
