00000001
00000010
00000010
00000011
00000011
00000100
00000101
00000101
00000101
00000110
00000110
00000110
00000111
00000111
00001100
00001100
00001100
00001101
00001110
00010010
00010010
00010011
00010100
00010100
00010101
00010111
00010111
00011001
00011010
00011010
00100011
00100011
00100100
00100101
00101000
00101100
00101110
00101111
00110001
00110011
00110101
00110110
00110111
00111001
00111010
00111101
00111111
00111111
00111111
01000000
01000000
01000010
01000011
01000011
01000100
01000101
01000110
01000111
01000111
01001000
01001000
01001000
01001000
01001001
01001010
01001011
01001101
01001101
01001110
01010001
01010001
01010010
01010010
01010010
01010010
01010011
01010100
01010101
01010110
01010111
01011000
01011001
01011001
01011011
01011100
01011110
01011110
01011111
01011111
01100000
01100000
01100000
01100011
01100011
01100101
01100101
01101001
01101010
01101010
01101111
01110000
01110000
01110010
01110010
01110010
01110010
01110011
01110011
01110101
01110110
01110110
01110110
01111000
01111000
01111101
01111111
01111111
01111111
10000000
10000001
10000001
10000100
10000101
10000110
10000111
10001001
10001010
10001010
10001011
10001100
10001101
10001110
10010001
10010010
10010100
10010100
10010101
10010110
10011000
10011001
10011001
10011010
10011011
10011011
10011100
10011101
10011101
10011101
10011110
10011111
10100000
10100000
10100000
10100010
10100011
10100011
10100100
10100101
10100111
10100111
10101000
10101001
10101010
10101010
10101010
10101010
10101011
10101011
10101100
10101101
10101111
10110000
10110001
10110010
10110010
10110110
10111001
10111011
10111011
10111101
10111101
10111110
10111110
10111110
10111111
10111111
10111111
11000000
11000001
11000010
11000010
11000010
11000010
11000100
11000100
11000100
11000100
11000101
11000101
11000101
11000111
11000111
11001001
11001001
11001010
11001010
11001011
11001011
11001100
11001101
11001110
11001110
11001111
11010000
11010001
11011001
11011010
11011010
11011100
11011100
11011111
11100001
11100011
11100100
11100100
11100101
11101000
11101100
11101100
11101100
11101100
11101101
11101101
11101110
11101111
11101111
11110001
11110011
11110101
11111000
11111000
11111000
11111000
11111000
11111001
11111001
11111100
11111101
11111101
11111101
11111101
11111110
11111110
11111110
11111111
11111111
