00000001
00000001
00000010
00000010
00000010
00000011
00000011
00000100
00000100
00000110
00000110
00001000
00001010
00001010
00001011
00001011
00001101
00001110
00001111
00001111
00010001
00010001
00010010
00010010
00010010
00010100
00010101
00011000
00011001
00011010
00011011
00011100
00011100
00011111
00011111
00011111
00011111
00011111
00100000
00100001
00100011
00100100
00100100
00100100
00100101
00100101
00100101
00101000
00101000
00101000
00101010
00101010
00101010
00101011
00101101
00101101
00101110
00101111
00110001
00110100
00110100
00110110
00110111
00111001
00111001
00111010
00111010
00111100
00111111
01000000
01000000
01000001
01000110
01000110
01000111
01001001
01001101
01001110
01001110
01010001
01010010
01010010
01010010
01010011
01010101
01010101
01010110
01010111
01011000
01011001
01011010
01011011
01011101
01011110
01011111
01100000
01100001
01100011
01100100
01100101
01100101
01100101
01100101
01100110
01100110
01100110
01101000
01101000
01101010
01101010
01101110
01101111
01110000
01110001
01110010
01110011
01110110
01110110
01111000
01111011
01111011
01111100
01111101
01111101
01111110
10000000
10000001
10000001
10000010
10000011
10000011
10000100
10000100
10000101
10001001
10001001
10001010
10001011
10001011
10001011
10001011
10001100
10001101
10001111
10010000
10010001
10010010
10010100
10010100
10010100
10010100
10010100
10010101
10010101
10010101
10010111
10010111
10010111
10010111
10011000
10011000
10011001
10011001
10011010
10011100
10011101
10011110
10011111
10011111
10100000
10100000
10100010
10100101
10100111
10101101
10101101
10101101
10110001
10110001
10110010
10110010
10110011
10110011
10110101
10110101
10110101
10110111
10111000
10111001
10111001
10111001
10111011
10111100
10111101
10111111
11000000
11000001
11000001
11000011
11000111
11001001
11001011
11001011
11001110
11001110
11001110
11010000
11010001
11010100
11010100
11010110
11010111
11011001
11011001
11011001
11011010
11011011
11011011
11011100
11011110
11011110
11011111
11100001
11100010
11100011
11100011
11100100
11100100
11100100
11100101
11100101
11100110
11100111
11100111
11100111
11101000
11101000
11101001
11101010
11101100
11101101
11101110
11101110
11101111
11110001
11110010
11110011
11110100
11110110
11110111
11111001
11111100
11111100
11111100
11111110
11111111
